inherited MainForm_LgXhdpiPh: TMainForm_LgXhdpiPh
  ClientHeight = 695
  ClientWidth = 450
  DesignerMasterStyle = 3
  inherited Layout1: TLayout
    Scale.X = 2.000000000000000000
    Size.Width = 225.000000000000000000
    Size.Height = 695.000000000000000000
  end
end
