inherited MainForm_SmXhdpiPh: TMainForm_SmXhdpiPh
  ClientHeight = 375
  ClientWidth = 250
  DesignerMasterStyle = 3
  inherited Layout1: TLayout
    Scale.X = 2.000000000000000000
    Size.Width = 125.000000000000000000
    Size.Height = 375.000000000000000000
  end
end
