inherited MainForm_LgXhdpiPh: TMainForm_LgXhdpiPh
  ClientHeight = 695
  ClientWidth = 450
  DesignerMasterStyle = 3
  inherited ImageViewer1: TImageViewer
    Scale.X = 2.000000000000000000
    Scale.Y = 2.000000000000000000
    Size.Width = 225.000000000000000000
    Size.Height = 347.500000000000000000
    Viewport.Width = 225.000000000000000000
    Viewport.Height = 347.500000000000000000
  end
end
