inherited MainForm_SmXhdpiPh: TMainForm_SmXhdpiPh
  ClientHeight = 375
  ClientWidth = 250
  DesignerMasterStyle = 3
  inherited ImageViewer1: TImageViewer
    Scale.X = 2.000000000000000000
    Scale.Y = 2.000000000000000000
    Size.Width = 125.000000000000000000
    Size.Height = 187.500000000000000000
    Viewport.Width = 125.000000000000000000
    Viewport.Height = 187.500000000000000000
  end
end
